[wpn_ak74_pmc_1p59_hud]
        aim_hud_offset_alt_pos           = -0.147928, -0.060316, 0.114735
        aim_hud_offset_alt_pos_16x9      = -0.147928, -0.060316, 0.114735
        aim_hud_offset_alt_rot           = -0.03287, 0.054732, 0.6
        aim_hud_offset_alt_rot_16x9      = -0.03287, 0.054732, 0.6
 
[wpn_ak74m_beard_1p59]
        fire_point                       = 0, 0.04, 0.69
 
[wpn_ak74m_beard_1p59_hud]
        aim_hud_offset_pos               = -0.067076, 0.004919, -0.15765
        aim_hud_offset_pos_16x9          = -0.067076, 0.004919, -0.15765
        aim_hud_offset_rot               = -0.000134, 0.000498, -0.01
        aim_hud_offset_rot_16x9          = -0.000134, 0.000498, -0.01
        item_position                    = 0.004374, -7.3e-05, -8.2e-05
 
[wpn_desert_eagle_rmr]
        fire_point                       = 0, 0.133, 0.22
        position                         = -0.021, -0.085, 0
        shell_point                      = 0, 0.133, 0.047
 
[wpn_desert_eagle_rmr_hud]
        aim_hud_offset_alt_pos           = -0.100262, -0.045375, 0
        aim_hud_offset_alt_pos_16x9      = -0.100262, -0.045375, 0
        aim_hud_offset_alt_rot           = 1.8e-05, 0.000128, 0.792807
        aim_hud_offset_alt_rot_16x9      = 1.8e-05, 0.000128, 0.792807
 
[wpn_remington700_magpul_pro_hud]
        aim_hud_offset_alt_pos           = -0.103741, -0.073477, -0.094626
        aim_hud_offset_alt_pos_16x9      = -0.103741, -0.073477, -0.094626
        aim_hud_offset_pos               = -0.095479, 0.008391, -0.150847
        aim_hud_offset_pos_16x9          = -0.095479, 0.008391, -0.150847
 
[wpn_saiga12s_m1_ekp8_02_hud]
        aim_hud_offset_alt_pos           = -0.099622, -0.072335, -0.068524
        aim_hud_offset_alt_pos_16x9      = -0.099622, -0.072335, -0.068524
        aim_hud_offset_alt_rot           = -0.024381, 0.010273, 0.601174
        aim_hud_offset_alt_rot_16x9      = -0.024381, 0.010273, 0.601174
        lowered_hud_offset_pos           = 0.1, -0.01, 0
        lowered_hud_offset_pos_16x9      = 0.1, -0.01, 0
 
[wpn_ump45_custom_eot]
        fire_point                       = 0, 0.188, 0.392
        fire_point2                      = 0, 0.188, 0.392
 
[wpn_ump45_custom_he510]
        fire_point                       = 0, 0.188, 0.392
        fire_point2                      = 0, 0.188, 0.392
 
[wpn_ump45_custom_he510_hud]
        aim_hud_offset_alt_pos           = -0.096897, -0.059813, 0.12594
        aim_hud_offset_alt_pos_16x9      = -0.096897, -0.059813, 0.12594
 
[wpn_vintorez_n1_1p59_hud]
        aim_hud_offset_alt_pos           = -0.081963, -0.040774, 0.138827
        aim_hud_offset_alt_pos_16x9      = -0.081963, -0.040774, 0.138827
        aim_hud_offset_alt_rot           = 0.008426, -0.01147, 0.7
        aim_hud_offset_alt_rot_16x9      = 0.008426, -0.01147, 0.7
 
[wpn_vintorez_n1_1pn93_hud]
        aim_hud_offset_alt_pos           = -0.08655, -0.047459, 0.137475
        aim_hud_offset_alt_pos_16x9      = -0.08655, -0.047459, 0.137475
        aim_hud_offset_alt_rot           = -0.016638, 0.016944, 0.7
        aim_hud_offset_alt_rot_16x9      = -0.016638, 0.016944, 0.7
 
